camera_matrix:
- [779.8249859904122, 0.0, 325.26328225755134]
- [0.0, 809.153015103014, 235.60127635474407]
- [0.0, 0.0, 1.0]
dist_coeff:
- [0.2410233394504482, -2.6443673360494615, -0.0011102596663151666, -0.002943306602776761,
  7.035573796574692]
